200, t, 0.002246, 0.000107, 0.031038, 0.031145
200, t, 0.001982, 0.000151, 0.033097, 0.033248
200, t, 0.003133, 0.000130, 0.029992, 0.030122
200, t, 0.003119, 0.000154, 0.028113, 0.028267
200, t, 0.003259, 0.000177, 0.028105, 0.028282
200, t, 0.002902, 0.000119, 0.027273, 0.027392
200, t, 0.002520, 0.000119, 0.044768, 0.044887
200, t, 0.003954, 0.000191, 0.054992, 0.055183
200, t, 0.004230, 0.000236, 0.051753, 0.051989
200, t, 0.001824, 0.000099, 0.025228, 0.025327
200, o, 0.002832, 0.000000, 0.027452, 0.027452
200, o, 0.001680, 0.000000, 0.025788, 0.025788
200, o, 0.003043, 0.000000, 0.051309, 0.051309
200, o, 0.003264, 0.000000, 0.028781, 0.028781
200, o, 0.004890, 0.000000, 0.033080, 0.033080
200, o, 0.001790, 0.000000, 0.025841, 0.025841
200, o, 0.001721, 0.000000, 0.025450, 0.025450
200, o, 0.001731, 0.000000, 0.025737, 0.025737
200, o, 0.004077, 0.000000, 0.033043, 0.033043
200, o, 0.003697, 0.000000, 0.056578, 0.056578
400, t, 0.007411, 0.000610, 0.214112, 0.214722
400, t, 0.006888, 0.000403, 0.215539, 0.215942
400, t, 0.010445, 0.000513, 0.216576, 0.217089
400, t, 0.015931, 0.000514, 0.211678, 0.212192
400, t, 0.012412, 0.000557, 0.240777, 0.241334
400, t, 0.007177, 0.000663, 0.230051, 0.230714
400, t, 0.019528, 0.002086, 0.248715, 0.250801
400, t, 0.010359, 0.000749, 0.209457, 0.210206
400, t, 0.016470, 0.000897, 0.219845, 0.220742
400, t, 0.010250, 0.000388, 0.208737, 0.209125
400, o, 0.016287, 0.000000, 0.243473, 0.243473
400, o, 0.006734, 0.000000, 0.243413, 0.243413
400, o, 0.007006, 0.000000, 0.225174, 0.225174
400, o, 0.018306, 0.000000, 0.261896, 0.261896
400, o, 0.007266, 0.000000, 0.223947, 0.223947
400, o, 0.009585, 0.000000, 0.219029, 0.219029
400, o, 0.018498, 0.000000, 0.249456, 0.249456
400, o, 0.010422, 0.000000, 0.214412, 0.214412
400, o, 0.007209, 0.000000, 0.236116, 0.236116
400, o, 0.014409, 0.000000, 0.258186, 0.258186
600, t, 0.015318, 0.001523, 0.703875, 0.705398
600, t, 0.037634, 0.002568, 0.699966, 0.702534
600, t, 0.018361, 0.002058, 0.675828, 0.677886
600, t, 0.042812, 0.002656, 0.678964, 0.681620
600, t, 0.015558, 0.001025, 0.685819, 0.686844
600, t, 0.015492, 0.000904, 0.692022, 0.692926
600, t, 0.039242, 0.002901, 0.742144, 0.745045
600, t, 0.037078, 0.001342, 0.688632, 0.689974
600, t, 0.037496, 0.003326, 0.695029, 0.698355
600, t, 0.038246, 0.002495, 0.697999, 0.700494
600, o, 0.018449, 0.000000, 0.958984, 0.958984
600, o, 0.042523, 0.000000, 0.900816, 0.900816
600, o, 0.039113, 0.000000, 0.901106, 0.901106
600, o, 0.042721, 0.000000, 1.049763, 1.049763
600, o, 0.015077, 0.000000, 1.170949, 1.170949
600, o, 0.015298, 0.000000, 1.234992, 1.234992
600, o, 0.017645, 0.000000, 1.139235, 1.139235
600, o, 0.015273, 0.000000, 0.864419, 0.864419
600, o, 0.015493, 0.000000, 1.091734, 1.091734
600, o, 0.043106, 0.000000, 0.957279, 0.957279
800, t, 0.048067, 0.003405, 1.658302, 1.661707
800, t, 0.026503, 0.003726, 1.626293, 1.630019
800, t, 0.060968, 0.003103, 1.644932, 1.648035
800, t, 0.058738, 0.002683, 1.592065, 1.594748
800, t, 0.059412, 0.003678, 1.664049, 1.667727
800, t, 0.027754, 0.002812, 1.659082, 1.661894
800, t, 0.027008, 0.002116, 1.623559, 1.625675
800, t, 0.026072, 0.002585, 1.619126, 1.621711
800, t, 0.027271, 0.001804, 1.642666, 1.644470
800, t, 0.057734, 0.002829, 1.600136, 1.602965
800, o, 0.060489, 0.000000, 3.683719, 3.683719
800, o, 0.030207, 0.000000, 3.715666, 3.715666
800, o, 0.026381, 0.000000, 3.601046, 3.601046
800, o, 0.028077, 0.000000, 3.666868, 3.666868
800, o, 0.027165, 0.000000, 3.416864, 3.416864
800, o, 0.027073, 0.000000, 3.499331, 3.499331
800, o, 0.027100, 0.000000, 3.818381, 3.818381
800, o, 0.056788, 0.000000, 3.389940, 3.389940
800, o, 0.058392, 0.000000, 3.706028, 3.706028
800, o, 0.027331, 0.000000, 3.623730, 3.623730
1000, t, 0.045564, 0.003083, 3.202699, 3.205782
1000, t, 0.043273, 0.003007, 3.154538, 3.157545
1000, t, 0.043273, 0.004971, 3.221563, 3.226534
1000, t, 0.040656, 0.003894, 3.154969, 3.158863
1000, t, 0.069089, 0.004974, 3.155693, 3.160667
1000, t, 0.042547, 0.003410, 3.154847, 3.158257
1000, t, 0.046690, 0.005112, 3.157689, 3.162801
1000, t, 0.074932, 0.004666, 3.395855, 3.400521
1000, t, 0.046095, 0.003661, 3.195405, 3.199066
1000, t, 0.073110, 0.005089, 3.213541, 3.218630
1000, o, 0.080442, 0.000000, 6.611178, 6.611178
1000, o, 0.083300, 0.000000, 6.394688, 6.394688
1000, o, 0.072621, 0.000000, 6.664569, 6.664569
1000, o, 0.041767, 0.000000, 6.574505, 6.574505
1000, o, 0.041259, 0.000000, 6.748446, 6.748446
1000, o, 0.042726, 0.000000, 6.672423, 6.672423
1000, o, 0.048501, 0.000000, 6.754615, 6.754615
1000, o, 0.047102, 0.000000, 6.591184, 6.591184
1000, o, 0.076464, 0.000000, 6.401864, 6.401864
1000, o, 0.046383, 0.000000, 6.854440, 6.854440
1200, t, 0.059519, 0.007068, 5.637734, 5.644802
1200, t, 0.064318, 0.004978, 5.638354, 5.643332
1200, t, 0.080656, 0.005593, 5.701484, 5.707077
1200, t, 0.076389, 0.005556, 5.777353, 5.782909
1200, t, 0.059730, 0.005673, 5.688719, 5.694392
1200, t, 0.093236, 0.004890, 6.097658, 6.102548
1200, t, 0.072182, 0.005559, 5.650898, 5.656457
1200, t, 0.089389, 0.004717, 5.732713, 5.737430
1200, t, 0.060523, 0.005340, 5.710214, 5.715554
1200, t, 0.079301, 0.004246, 5.594237, 5.598483
1200, o, 0.063714, 0.000000, 12.554648, 12.554648
1200, o, 0.065641, 0.000000, 12.708654, 12.708654
1200, o, 0.059523, 0.000000, 12.314042, 12.314042
1200, o, 0.058720, 0.000000, 12.918521, 12.918521
1200, o, 0.063448, 0.000000, 12.704552, 12.704552
1200, o, 0.090431, 0.000000, 12.064643, 12.064643
1200, o, 0.059407, 0.000000, 11.786374, 11.786374
1200, o, 0.060102, 0.000000, 11.647289, 11.647289
1200, o, 0.060944, 0.000000, 11.452756, 11.452756
1200, o, 0.095140, 0.000000, 12.482693, 12.482693
1400, t, 0.082686, 0.007433, 8.909195, 8.916628
1400, t, 0.083029, 0.007271, 8.985874, 8.993145
1400, t, 0.111908, 0.008486, 9.020428, 9.028913
1400, t, 0.085225, 0.007712, 9.235690, 9.243402
1400, t, 0.113948, 0.008389, 9.255264, 9.263654
1400, t, 0.089188, 0.008828, 9.422777, 9.431605
1400, t, 0.088965, 0.008561, 9.679693, 9.688254
1400, t, 0.086313, 0.009554, 9.320704, 9.330258
1400, t, 0.095953, 0.008887, 9.335044, 9.343931
1400, t, 0.088073, 0.007775, 8.948436, 8.956211
1400, o, 0.080961, 0.000000, 25.802692, 25.802692
1400, o, 0.101455, 0.000000, 25.563116, 25.563116
1400, o, 0.083281, 0.000000, 23.410173, 23.410173
1400, o, 0.110468, 0.000000, 22.975634, 22.975634
1400, o, 0.080156, 0.000000, 22.491447, 22.491447
1400, o, 0.082369, 0.000000, 23.596514, 23.596514
1400, o, 0.080456, 0.000000, 23.494728, 23.494728
1400, o, 0.116192, 0.000000, 22.676973, 22.676973
1400, o, 0.091022, 0.000000, 24.229650, 24.229650
1400, o, 0.083320, 0.000000, 23.310631, 23.310631
1600, t, 0.139857, 0.010950, 13.243339, 13.254289
1600, t, 0.113615, 0.011177, 12.986535, 12.997712
1600, t, 0.140300, 0.011084, 13.299825, 13.310908
1600, t, 0.107794, 0.010038, 13.245522, 13.255560
1600, t, 0.120655, 0.010867, 13.308649, 13.319516
1600, t, 0.116375, 0.010607, 13.197309, 13.207915
1600, t, 0.117778, 0.009773, 13.189186, 13.198959
1600, t, 0.136204, 0.009998, 13.112022, 13.122021
1600, t, 0.120014, 0.010536, 13.296198, 13.306734
1600, t, 0.109688, 0.010046, 13.216425, 13.226471
1600, o, 0.137970, 0.000000, 33.369720, 33.369720
1600, o, 0.141472, 0.000000, 34.369232, 34.369232
1600, o, 0.107136, 0.000000, 34.201515, 34.201515
1600, o, 0.134687, 0.000000, 33.774567, 33.774567
1600, o, 0.109119, 0.000000, 34.887512, 34.887512
1600, o, 0.136093, 0.000000, 34.225704, 34.225704
1600, o, 0.138389, 0.000000, 33.350037, 33.350037
1600, o, 0.133130, 0.000000, 33.755295, 33.755295
1600, o, 0.107711, 0.000000, 32.918148, 32.918148
1600, o, 0.118409, 0.000000, 33.213573, 33.213573
1800, t, 0.171628, 0.016388, 18.625483, 18.641870
1800, t, 0.137930, 0.014747, 18.758718, 18.773466
1800, t, 0.151880, 0.015414, 18.622723, 18.638136
1800, t, 0.170279, 0.013402, 19.198692, 19.212095
1800, t, 0.163564, 0.017764, 18.764669, 18.782433
1800, t, 0.144651, 0.014043, 18.882286, 18.896330
1800, t, 0.167130, 0.014879, 19.061619, 19.076498
1800, t, 0.168979, 0.014513, 19.652851, 19.667364
1800, t, 0.144295, 0.014713, 18.902050, 18.916763
1800, t, 0.149877, 0.016775, 19.201262, 19.218037
1800, o, 0.136807, 0.000000, 50.952148, 50.952148
1800, o, 0.168149, 0.000000, 50.327255, 50.327255
1800, o, 0.134574, 0.000000, 52.660870, 52.660870
1800, o, 0.137533, 0.000000, 54.103447, 54.103447
1800, o, 0.158939, 0.000000, 51.534237, 51.534237
1800, o, 0.138700, 0.000000, 50.445454, 50.445454
1800, o, 0.162339, 0.000000, 52.376354, 52.376354
1800, o, 0.143026, 0.000000, 52.272190, 52.272190
1800, o, 0.164117, 0.000000, 51.093311, 51.093311
1800, o, 0.138237, 0.000000, 50.187622, 50.187622
2000, t, 0.197218, 0.017434, 25.297749, 25.315182
2000, t, 0.203439, 0.018087, 26.107059, 26.125147
2000, t, 0.217287, 0.019596, 25.612442, 25.632038
2000, t, 0.172713, 0.020595, 26.336636, 26.357231
2000, t, 0.177212, 0.024329, 26.156548, 26.180876
2000, t, 0.204272, 0.018210, 25.691814, 25.710024
2000, t, 0.199667, 0.019103, 25.969826, 25.988928
2000, t, 0.202891, 0.018060, 25.739925, 25.757986
2000, t, 0.199433, 0.018690, 25.487774, 25.506464
2000, t, 0.204222, 0.017515, 25.314405, 25.331921
2000, o, 0.196608, 0.000000, 63.485767, 63.485767
2000, o, 0.177108, 0.000000, 65.403641, 65.403641
2000, o, 0.169569, 0.000000, 63.758228, 63.758228
2000, o, 0.165365, 0.000000, 63.425514, 63.425514
2000, o, 0.171647, 0.000000, 63.581833, 63.581833
2000, o, 0.184136, 0.000000, 64.058548, 64.058548
2000, o, 0.167462, 0.000000, 62.925045, 62.925045
2000, o, 0.167879, 0.000000, 63.479050, 63.479050
2000, o, 0.167110, 0.000000, 66.356697, 66.356697
2000, o, 0.199136, 0.000000, 62.746075, 62.746075
